name, num_atoms, energy, time_to_load, time_to_parameterize, time_to_energy_minimize
PEO_PLGA, 96, 1070.4529800876535 kJ/mol, 0.3653261661529541, 3.6665852069854736, 0.16689229011535645
atactic_styrene-s9, 9090, 78273.16448746454 kJ/mol, 3.3126063346862793, 56.37386512756348, 64.80326080322266
atactic_styrene, 162, 1339.586473426557 kJ/mol, 0.6508224010467529, 2.701936960220337, 0.06665539741516113
bisphenolA, 331, 2693.718127781951 kJ/mol, 0.7671682834625244, 3.274749755859375, 0.09319305419921875
naturalrubber-s49, 49147, 360848.9454147658 kJ/mol, 18.188129663467407, 280.07314825057983, 877.5298383235931
naturalrubber, 106, 747.446747028727 kJ/mol, 0.6945705413818359, 2.490957260131836, 0.18988394737243652
paam_modified-s64, 64128, 338577.0971218059 kJ/mol, 25.435320615768433, 404.8705668449402, 1280.2088549137115
paam_modified, 422, 1834.2734265318272 kJ/mol, 0.8081796169281006, 4.116150617599487, 0.30249476432800293
PAMAM, 530, 13379.032099529455 kJ/mol, 0.8268046379089355, 4.4152445793151855, 0.645056962966919
peg_modified-s49, 49147, 519275.1095502514 kJ/mol, 26.87251043319702, 276.1188995838165, 124.28403663635254
peg_modified, 261, 2706.899880818791 kJ/mol, 0.725860595703125, 3.065155029296875, 0.239638090133667
polyethylene-s9, 9036, 71896.42443484667 kJ/mol, 4.3256237506866455, 57.373483419418335, 16.910353899002075
polyethylene, 4808, 39004.715121799956 kJ/mol, 2.9617910385131836, 28.655301570892334, 3.1039085388183594
polyethylmethacrylate-s81, 81810, 800618.1056633311 kJ/mol, 38.3423330783844, 475.8527970314026, 2563.9549198150635
polyethylmethacrylate, 110, 970.860998144552 kJ/mol, 0.6769969463348389, 2.8809311389923096, 0.07106661796569824
polymethylketone, 118, 1294.259685305966 kJ/mol, 0.7713155746459961, 2.6040875911712646, 0.0536954402923584
polyphenyleneI, 262, 2934.019609913353 kJ/mol, 0.7780900001525879, 3.180438280105591, 0.09770011901855469
polyphenyleneII, 145, 1606.319174630969 kJ/mol, 0.7013535499572754, 2.6951334476470947, 0.058089494705200195
PolyphenyleneIII, 372, 4211.536300595826 kJ/mol, 2.3193743228912354, 3.7719433307647705, 0.13353180885314941
polyphenylenesulfone-s16, 16048, 180185.12385102425 kJ/mol, 8.010428667068481, 89.39311957359314, 13.25435495376587
polyphenylenesulfone, 106, 1144.1806051224712 kJ/mol, 0.6220386028289795, 2.45072865486145, 0.22462129592895508
polythiophene, 192, 1805.8807959530448 kJ/mol, 0.660114049911499, 2.96702241897583, 0.17564749717712402
polyvinylchloride-s81, 81324, 802442.8085133558 kJ/mol, 40.81785702705383, 512.5052721500397, 1821.9444704055786
polyvinylchloride, 62, 506.2898599259878 kJ/mol, 0.6243767738342285, 2.3241634368896484, 0.033071279525756836
syntactic_styrene-s49, 49490, 447977.16066506493 kJ/mol, 16.886621475219727, 299.20868825912476, 389.369930267334
syntactic_styrene, 162, 1378.303347007396 kJ/mol, 0.6729376316070557, 2.732048988342285, 0.03763866424560547
pnipam_modified-s49, 49441, 316144.2141711408 kJ/mol, 21.101496696472168, 340.37881803512573, 454.4973154067993
pnipam_modified, 515, 3144.5964052540908 kJ/mol, 0.8727951049804688, 4.714011907577515, 0.35955142974853516
PET, 91, 859.4428043244845 kJ/mol, 0.6413311958312988, 2.3498682975769043, 0.11449122428894043
cellulose, 192, 2585.182414305672 kJ/mol, 0.6944241523742676, 3.93900465965271, 0.09903812408447266
chitin, 192, 1770.3393833337188 kJ/mol, 0.692716121673584, 3.129255533218384, 0.09976863861083984
dextran, 192, 2393.815914287001 kJ/mol, 0.708712100982666, 2.8341469764709473, 0.08686423301696777
messy_sugar, 437, 5701.199438332045 kJ/mol, 0.9598839282989502, 4.083803415298462, 0.3935108184814453
trimannose, 66, 842.0430291812904 kJ/mol, 0.6015641689300537, 2.3199057579040527, 0.06296539306640625
vulcanizedrubber, 103, 954.9956527842543 kJ/mol, 0.7122938632965088, 2.4435369968414307, 0.11766982078552246
2q1r, 389, 8300.273164204378 kJ/mol, 0.9422898292541504, 7.826997518539429, 3.036228656768799
122d, 636, 43358.65985176913 kJ/mol, 0.7959058284759521, 6.782756328582764, 5.147921085357666
130d, 832, 69321.74981130144 kJ/mol, 0.9027533531188965, 9.402937889099121, 11.216854810714722
133d, 382, nan, 0.7059793472290039, 9.402937889099121, 11.216854810714722
144d, 832, 45470.494195026826 kJ/mol, 0.8864984512329102, 9.322885513305664, 8.984561443328857
6cww, 6803, 3157.4899773309517 kJ/mol, 17.41603136062622, 383.5983281135559, 55.027613162994385
7qt2, 14161, -108746.7353252154 kJ/mol, 10.568198204040527, 923.6022458076477, 67.94031000137329
7wcc, 9514, -93738.92552947396 kJ/mol, 6.897810220718384, 1211.9999504089355, 39.81109046936035
6mtg, 11113, -3812.5232355480493 kJ/mol, 8.583206176757812, 1164.7339446544647, 70.3986222743988
7xjf, 9415, -56600.84860592987 kJ/mol, 5.544857025146484, 570.9266407489777, 31.77744960784912
7fse, 17282, -149687.58490608935 kJ/mol, 13.627408504486084, 332.0233623981476, 93.67127895355225
7pvu, 11476, -88552.82185072194 kJ/mol, 10.453857660293579, 472.68296456336975, 53.30697011947632
8ovp, 17851, -53631.73385514054 kJ/mol, 16.460559606552124, 1527.8520052433014, 182.36179661750793
8gt9, 6135, -52147.14918570089 kJ/mol, 3.8167271614074707, 298.79227018356323, 13.870835542678833
8fy3, 17964, -121265.13509577687 kJ/mol, 11.668965578079224, 207.20242524147034, 116.19046235084534
8f0x, 17660, -114260.81192678805 kJ/mol, 12.766943454742432, 259.0025041103363, 107.19627523422241
8e8i, 7759, -81945.26597442268 kJ/mol, 4.955581426620483, 1107.4220731258392, 34.23180794715881
8d1b, 13306, -110475.09313948224 kJ/mol, 6.254984617233276, 115.83786940574646, 60.54691481590271
8bhw, 42392, -345370.14246964303 kJ/mol, 15.060863971710205, 368.0264196395874, 596.8625948429108
8ciq, 549, -2858.583287771512 kJ/mol, 0.8444981575012207, 6.102239608764648, 0.7422831058502197
7yb4, 1120, -6264.133251619184 kJ/mol, 1.1034941673278809, 11.14702296257019, 1.9749209880828857
1lyd, 2889, -27743.95454702792 kJ/mol, 1.9772133827209473, 183.18043327331543, 4.755139350891113
ja7b02319_si_002, 129, 952.960512404809 kJ/mol, 0.6550502777099609, 2.635962724685669, 0.31502652168273926
ja7b02319_si_003, 198, 1464.2592736552829 kJ/mol, 0.6720788478851318, 2.8533267974853516, 0.21606826782226562
Nspe5_gaff-phi_top6pops, 124, 850.6260848203798 kJ/mol, 0.6378605365753174, 2.5648136138916016, 0.15281319618225098
